50
933 743 2
529 700 8
752 256 6
119 711 1
843 705 8
393 330 6
169 932 7
847 972 8
980 223 9
592 164 9
551 427 0
624 635 0
944 310 2
484 363 1
710 236 6
431 929 7
675 491 0
344 134 5
629 30 7
126 743 4
104 760 9
620 256 2
572 613 0
509 119 5
695 49 7
719 497 4
596 649 6
184 93 5
7 306 9
754 352 5
783 738 1
690 330 7
195 656 3
11 427 2
106 968 2
1 510 0
658 571 1
814 847 4
197 625 8
931 18 7
151 187 3
179 995 0
750 913 2
134 273 7
521 830 0
557 678 6
503 597 8
893 988 8
85 93 8
720 211 6
50
387 710 9
887 668 3
473 900 4
105 183 2
370 787 2
410 905 0
400 996 2
585 860 7
924 731 8
386 219 0
415 55 2
874 61 6
602 268 5
470 518 3
89 106 9
130 655 2
993 974 5
810 673 5
730 95 5
705 694 8
873 353 4
760 741 6
644 143 0
737 679 5
149 529 0
607 417 5
787 373 6
445 112 2
595 153 3
183 717 5
17 176 7
776 399 4
728 2 1
455 870 6
694 381 0
480 604 6
359 207 4
79 702 5
453 732 6
432 563 7
107 583 0
467 116 6
719 528 1
107 256 0
353 528 4
430 477 8
520 204 4
810 719 5
298 131 1
709 751 2
