1.26
0.75571429
2.937500
0.2
1.19574468
1.190909
0.1813305
0.87139918
4.394618834
3.609756098
1
1
3.05
1.3
3.008475
0.4639397
1
2.56716
20.9666667
0.1696
0.136842105
2.42
1
4.27731
14.1836735
1.4467
0.918336
1.97849
0.022875817
2.14205
1.1
2.0909091
0.297
0.03
0.11
0
1.2
0.9610
0.31520000
51.7222222
0.807
0
0.82
0.4908425
1
0.821534
0.84254606
0.90384615
0.91397849
3.412322
0.545070423
1.328
0.5256
0.57
0.47
0
0.40
0.6802326
1.26402189
2
7.55
14.327869
2.24627
0.907
0.839622642
0.20
1.01951
1.20357
7.68421
1.01585014
2.4731
1.025641
5
1.08542
0
1.45564
2.109920
3.97
3.889
0.25523
0.0965909
1.9449
364.0
0.522989
2
0.794702
1.7343
0.11254
0.618852
0.7673179
0
4.025862
1.4
0
0.6686
0.90146751
2.5490
1.12656
2.3
0.94
